+----------------------------------------------------------------------------------------------------------------------------------------------------------------------------------------------------------------+
; Legal Partition Candidates                                                                                                                                                                                     ;
+-----------+-------+----------------+--------------+----------------+--------+-----------------+---------------+-----------------+-------+----------------+--------------+------------------+-------------------+
; Hierarchy ; Input ; Constant Input ; Unused Input ; Floating Input ; Output ; Constant Output ; Unused Output ; Floating Output ; Bidir ; Constant Bidir ; Unused Bidir ; Input only Bidir ; Output only Bidir ;
+-----------+-------+----------------+--------------+----------------+--------+-----------------+---------------+-----------------+-------+----------------+--------------+------------------+-------------------+
; inst2     ; 2     ; 0              ; 0            ; 0              ; 68     ; 0               ; 0             ; 0               ; 0     ; 0              ; 0            ; 0                ; 0                 ;
; inst3     ; 6     ; 0              ; 0            ; 0              ; 68     ; 0               ; 0             ; 0               ; 0     ; 0              ; 0            ; 0                ; 0                 ;
; inst|Met8 ; 326   ; 161            ; 0            ; 161            ; 34     ; 161             ; 161           ; 161             ; 0     ; 0              ; 0            ; 0                ; 0                 ;
; inst|Met7 ; 326   ; 161            ; 0            ; 161            ; 34     ; 161             ; 161           ; 161             ; 0     ; 0              ; 0            ; 0                ; 0                 ;
; inst|Met6 ; 326   ; 161            ; 0            ; 161            ; 34     ; 161             ; 161           ; 161             ; 0     ; 0              ; 0            ; 0                ; 0                 ;
; inst|Met5 ; 326   ; 161            ; 0            ; 161            ; 34     ; 161             ; 161           ; 161             ; 0     ; 0              ; 0            ; 0                ; 0                 ;
; inst|Met4 ; 326   ; 161            ; 0            ; 161            ; 34     ; 161             ; 161           ; 161             ; 0     ; 0              ; 0            ; 0                ; 0                 ;
; inst|Met3 ; 326   ; 161            ; 0            ; 161            ; 34     ; 161             ; 161           ; 161             ; 0     ; 0              ; 0            ; 0                ; 0                 ;
; inst|Met2 ; 326   ; 161            ; 0            ; 161            ; 34     ; 161             ; 161           ; 161             ; 0     ; 0              ; 0            ; 0                ; 0                 ;
; inst|Met1 ; 326   ; 161            ; 0            ; 161            ; 34     ; 161             ; 161           ; 161             ; 0     ; 0              ; 0            ; 0                ; 0                 ;
; inst      ; 134   ; 0              ; 0            ; 0              ; 12     ; 0               ; 0             ; 0               ; 0     ; 0              ; 0            ; 0                ; 0                 ;
+-----------+-------+----------------+--------------+----------------+--------+-----------------+---------------+-----------------+-------+----------------+--------------+------------------+-------------------+
